image: /home/minhtien/Desktop/maps/4A1.pgm
resolution: 0.050000
origin: [-17.024998, -51.224998, 0.000000]
negate: 0
occupied_thresh: 0.65
free_thresh: 0.196
